mat(   1)=         3.469493092521888E+00;
mat(   2)=         6.029669917346363E-01;
mat(   3)=        -1.096959296583416E-03;
mat(   4)=         7.416828009608387E-05;
mat(   5)=        -4.747462925757519E-06;
mat(   6)=         2.132166716933230E-07;
mat(   7)=         3.482900754058742E+00;
mat(   8)=         6.038697588885278E-01;
mat(   9)=        -1.129873681394597E-03;
mat(  10)=         7.611733838656659E-05;
mat(  11)=        -4.882432825250533E-06;
mat(  12)=         2.204578282518249E-07;
mat(  13)=         3.496260135836940E+00;
mat(  14)=         6.050689612164575E-01;
mat(  15)=        -1.437790125887922E-03;
mat(  16)=         2.921355730986390E-04;
mat(  17)=        -8.929235062390361E-06;
mat(  18)=        -2.912334971857232E-04;
mat(  19)=         3.510634125912799E+00;
mat(  20)=         6.096581030174628E-01;
mat(  21)=         5.794350138361590E-03;
mat(  22)=         5.747613828669609E-03;
mat(  23)=         2.388187141474932E-03;
mat(  24)=         4.311825717213480E-04;
mat(  25)=         3.521061466887115E+00;
mat(  26)=         6.015928405613845E-01;
mat(  27)=        -4.011655487634326E-03;
mat(  28)=        -1.114696108550368E-03;
mat(  29)=        -3.875885307360111E-04;
mat(  30)=        -6.525873874034838E-05;
mat(  31)=         3.537944753397255E+00;
mat(  32)=         6.066477331025212E-01;
mat(  33)=        -1.591058889516185E-03;
mat(  34)=         5.303492609495099E-05;
mat(  35)=         1.977758425673508E-05;
mat(  36)=         1.310106286595446E-05;
mat(  37)=         3.552896502408324E+00;
mat(  38)=         6.080667741345793E-01;
mat(  39)=        -1.518384142135694E-03;
mat(  40)=         3.024883946969158E-05;
mat(  41)=        -1.716653487018588E-05;
mat(  42)=        -6.800113776807858E-07;
mat(  43)=         3.567949321034232E+00;
mat(  44)=         6.093496663496042E-01;
mat(  45)=        -1.440392925508574E-03;
mat(  46)=         6.688447389937256E-05;
mat(  47)=        -1.002040567756249E-05;
mat(  48)=         6.526018902127721E-07;
mat(  49)=         3.583144413374737E+00;
mat(  50)=         6.105011528607892E-01;
mat(  51)=        -1.430097057042529E-03;
mat(  52)=         8.207772990757468E-05;
mat(  53)=        -7.951475345845931E-06;
mat(  54)=         5.998024939840783E-07;
mat(  55)=         3.598548296364322E+00;
mat(  56)=         6.116109795814686E-01;
mat(  57)=        -1.446103208467779E-03;
mat(  58)=         8.954408999894145E-05;
mat(  59)=        -7.335745533882477E-06;
mat(  60)=         5.837693587235038E-07;
mat(  61)=         5.897250482572626E-02;
mat(  62)=         2.524698251617701E-02;
mat(  63)=        -1.311600699908332E-03;
mat(  64)=         3.365591063064273E-05;
mat(  65)=         2.107503121965114E-06;
mat(  66)=        -8.630592892327865E-08;
mat(  67)=         4.276340145882753E-02;
mat(  68)=         2.659157428679572E-02;
mat(  69)=        -1.377443346166534E-03;
mat(  70)=         3.327914402551998E-05;
mat(  71)=         8.884263194899175E-07;
mat(  72)=         9.434571037350144E-07;
mat(  73)=         2.716278961242083E-02;
mat(  74)=         2.768153824183965E-02;
mat(  75)=        -1.372708641224504E-03;
mat(  76)=         1.878634415598989E-05;
mat(  77)=         5.104208995207331E-07;
mat(  78)=         2.281310094163357E-06;
mat(  79)=         1.197091787398486E-02;
mat(  80)=         2.896884773835698E-02;
mat(  81)=        -1.724433222779117E-03;
mat(  82)=         2.746227564167396E-04;
mat(  83)=        -1.281839548160411E-04;
mat(  84)=         3.522877913203872E-05;
mat(  85)=         1.051540329494154E-02;
mat(  86)=         7.161752910610222E-03;
mat(  87)=         1.315899237842897E-02;
mat(  88)=        -6.945023655936597E-03;
mat(  89)=         2.218710992434575E-03;
mat(  90)=        -3.529478376426385E-04;
mat(  91)=        -5.334363644102524E-01;
mat(  92)=         9.181975386576868E-01;
mat(  93)=        -5.554909174382684E-01;
mat(  94)=         2.403778431707451E-01;
mat(  95)=        -6.549974986934753E-02;
mat(  96)=         8.528901032940015E-03;
mat(  97)=         2.474932719310712E-05;
mat(  98)=         2.496300306625615E-05;
mat(  99)=         2.562230074561324E-05;
mat( 100)=         2.678845393366199E-05;
mat( 101)=         2.857812653171244E-05;
mat( 102)=         3.119572057076960E-05;
