mat(   1)=         5.496167300006600E-01;
mat(   2)=        -1.914713096320139E-01;
mat(   3)=         2.909212998329281E-02;
mat(   4)=        -4.168448695583309E-03;
mat(   5)=         5.785570971913792E-04;
mat(   6)=        -7.808179577598763E-05;
mat(   7)=         9.309723657823884E-06;
mat(   8)=         5.464673240904863E-01;
mat(   9)=        -1.900055548622740E-01;
mat(  10)=         2.884526661753442E-02;
mat(  11)=        -4.129776972590483E-03;
mat(  12)=         5.726598270256871E-04;
mat(  13)=        -7.710928993571317E-05;
mat(  14)=         9.190060705033563E-06;
mat(  15)=         5.430459439255223E-01;
mat(  16)=        -1.884125621178036E-01;
mat(  17)=         2.857821802042109E-02;
mat(  18)=        -4.088061741134483E-03;
mat(  19)=         5.662743630232377E-04;
mat(  20)=        -7.606965688800514E-05;
mat(  21)=         9.044537488257771E-06;
mat(  22)=         5.394126708365166E-01;
mat(  23)=        -1.867194197942883E-01;
mat(  24)=         2.829581208529140E-02;
mat(  25)=        -4.044147993273542E-03;
mat(  26)=         5.594830430553628E-04;
mat(  27)=        -7.499995871864114E-05;
mat(  28)=         8.863502473984106E-06;
mat(  29)=         5.356258569701037E-01;
mat(  30)=        -1.849521822767825E-01;
mat(  31)=         2.800257790533554E-02;
mat(  32)=        -3.998898690414341E-03;
mat(  33)=         5.523460559142762E-04;
mat(  34)=        -7.393178336111052E-05;
mat(  35)=         8.643263645312582E-06;
mat(  36)=         5.317373560871020E-01;
mat(  37)=        -1.831337583092811E-01;
mat(  38)=         2.770232220779756E-02;
mat(  39)=        -3.953151576594478E-03;
mat(  40)=         5.449018202910231E-04;
mat(  41)=        -7.287285162191233E-05;
mat(  42)=         8.397170380045663E-06;
mat(  43)=         5.277900190419141E-01;
mat(  44)=        -1.812828971836097E-01;
mat(  45)=         2.739789242811771E-02;
mat(  46)=        -3.907691881731384E-03;
mat(  47)=         5.371823701140359E-04;
mat(  48)=        -7.178713845215182E-05;
mat(  49)=         8.164859551653451E-06;
mat(  50)=         5.238171877142038E-01;
mat(  51)=        -1.794141252859847E-01;
mat(  52)=         2.709111462716433E-02;
mat(  53)=        -3.863226462751158E-03;
mat(  54)=         5.292415873877361E-04;
mat(  55)=        -7.058409029775477E-05;
mat(  56)=         8.010361531291159E-06;
mat(  57)=         5.198364045675578E-01;
mat(  58)=        -1.775522598640603E-01;
mat(  59)=         2.676997778207520E-02;
mat(  60)=        -3.831530913647280E-03;
mat(  61)=         5.122688128759212E-04;
mat(  62)=        -7.533704872843597E-05;
mat(  63)=         4.816880804905351E-06;
mat(  64)=         5.158290861185175E-01;
mat(  65)=        -1.757758985682626E-01;
mat(  66)=         2.636939271701121E-02;
mat(  67)=        -3.869589402097055E-03;
mat(  68)=         4.413466530545934E-04;
mat(  69)=        -1.173006292007545E-04;
mat(  70)=        -1.748773034049239E-05;
mat(  71)=         5.117983632251212E-01;
mat(  72)=        -1.740882680251697E-01;
mat(  73)=         2.594465236765918E-02;
mat(  74)=        -3.862616214022971E-03;
mat(  75)=         4.673730983172890E-04;
mat(  76)=        -5.464021229733231E-05;
mat(  77)=         2.685152205525335E-05;
mat(  78)=         5.078056072097740E-01;
mat(  79)=        -1.724111819286696E-01;
mat(  80)=         2.551853142213773E-02;
mat(  81)=        -3.856747367498766E-03;
mat(  82)=         4.947817917026624E-04;
mat(  83)=         8.818333746732319E-06;
mat(  84)=         7.129992339749579E-05;
mat(  85)=         5.038152912345294E-01;
mat(  86)=        -1.707840325624644E-01;
mat(  87)=         2.514213357009346E-02;
mat(  88)=        -3.771081346261293E-03;
mat(  89)=         5.414033547969520E-04;
mat(  90)=         6.795665812260927E-06;
mat(  91)=         4.003750762855431E-05;
mat(  92)=         4.998540546498417E-01;
mat(  93)=        -1.691906369272805E-01;
mat(  94)=         2.478584556149165E-02;
mat(  95)=        -3.649882167119787E-03;
mat(  96)=         5.973751607041826E-04;
mat(  97)=        -2.484990963791569E-05;
mat(  98)=        -2.550844432434104E-05;
mat(  99)=         4.959433440292991E-01;
mat( 100)=        -1.676179464207462E-01;
mat( 101)=         2.442533130706117E-02;
mat( 102)=        -3.529445674286936E-03;
mat( 103)=         6.544120127199292E-04;
mat( 104)=        -5.657092180470929E-05;
mat( 105)=        -9.095303018701362E-05;
mat( 106)=         4.920604749256696E-01;
mat( 107)=        -1.660693514259237E-01;
mat( 108)=         2.410884484233010E-02;
mat( 109)=        -3.408513256101449E-03;
mat( 110)=         6.642917470767614E-04;
mat( 111)=        -8.880077810591061E-05;
mat( 112)=        -1.080453093068922E-04;
mat( 113)=         4.881838566942133E-01;
mat( 114)=        -1.645480447613433E-01;
mat( 115)=         2.388181860158195E-02;
mat( 116)=        -3.285805943519412E-03;
mat( 117)=         5.818212943618507E-04;
mat( 118)=        -1.218406774245979E-04;
mat( 119)=        -3.162527377433270E-05;
mat( 120)=         4.843612567503076E-01;
mat( 121)=        -1.630569911143778E-01;
mat( 122)=         2.365067831644865E-02;
mat( 123)=        -3.160173640345289E-03;
mat( 124)=         5.010393054187452E-04;
mat( 125)=        -1.557728829479668E-04;
mat( 126)=         4.410951414403687E-05;
mat( 127)=         4.805927588056798E-01;
mat( 128)=        -1.615988773088131E-01;
mat( 129)=         2.341708351530418E-02;
mat( 130)=        -3.030753178920629E-03;
mat( 131)=         4.210137780111413E-04;
mat( 132)=        -1.904296673303600E-04;
mat( 133)=         1.197281528598171E-04;
mat( 134)=         4.768508944425213E-01;
mat( 135)=        -1.601523706640043E-01;
mat( 136)=         2.321712957076765E-02;
mat( 137)=        -2.950337317672143E-03;
mat( 138)=         3.528848750355358E-04;
mat( 139)=        -1.827452105028801E-04;
mat( 140)=         1.464471563467056E-04;
mat( 141)=         4.731055853341433E-01;
mat( 142)=        -1.586936893659754E-01;
mat( 143)=         2.309015071457987E-02;
mat( 144)=        -2.976884358986215E-03;
mat( 145)=         3.089529732640824E-04;
mat( 146)=        -8.581309596397133E-05;
mat( 147)=         7.090868210240976E-05;
mat( 148)=         4.694141850787059E-01;
mat( 149)=        -1.572746685344763E-01;
mat( 150)=         2.296629092494375E-02;
mat( 151)=        -2.998000250495807E-03;
mat( 152)=         2.627749523970149E-04;
mat( 153)=         1.021766928282053E-05;
mat( 154)=        -2.587786668899182E-06;
mat( 155)=         4.657756011639064E-01;
mat( 156)=        -1.558961530847016E-01;
mat( 157)=         2.284822421137182E-02;
mat( 158)=        -3.015203190393200E-03;
mat( 159)=         2.141947587468182E-04;
mat( 160)=         1.060420290964473E-04;
mat( 161)=        -7.483130005203164E-05;
mat( 162)=         4.621416471059375E-01;
mat( 163)=        -1.544850427734617E-01;
mat( 164)=         2.271730755688987E-02;
mat( 165)=        -3.070886129406917E-03;
mat( 166)=         2.480572261616685E-04;
mat( 167)=         1.103808527879623E-04;
mat( 168)=        -8.782284726807537E-05;
mat( 169)=         4.585064713050084E-01;
mat( 170)=        -1.530341946572873E-01;
mat( 171)=         2.257342733896291E-02;
mat( 172)=        -3.170565632362748E-03;
mat( 173)=         3.728063050784996E-04;
mat( 174)=         1.475616206107051E-05;
mat( 175)=        -3.654415377139275E-05;
mat( 176)=         4.549175781309400E-01;
mat( 177)=        -1.516183440995961E-01;
mat( 178)=         2.243529918786253E-02;
mat( 179)=        -3.265095319590929E-03;
mat( 180)=         4.904729511536359E-04;
mat( 181)=        -7.572597079038896E-05;
mat( 182)=         1.182827738025911E-05;
mat( 183)=         4.512712111432221E-01;
mat( 184)=        -1.500373737642908E-01;
mat( 185)=         2.212017466865338E-02;
mat( 186)=        -3.196652513158233E-03;
mat( 187)=         4.750820865843746E-04;
mat( 188)=        -7.314660024827132E-05;
mat( 189)=         1.206883336008250E-05;
mat( 190)=         4.476714802970421E-01;
