mat(   1)=         4.899553101765668E-01;
mat(   2)=        -2.004724990692405E-01;
mat(   3)=         3.449246469924578E-02;
mat(   4)=        -5.405428448916101E-03;
mat(   5)=         8.097005190978143E-04;
mat(   6)=        -1.179912419867172E-04;
mat(   7)=         1.505197698779213E-05;
mat(   8)=         4.863090719795312E-01;
mat(   9)=        -1.984480090940983E-01;
mat(  10)=         3.412477577207396E-02;
mat(  11)=        -5.341504940858318E-03;
mat(  12)=         7.982773618579157E-04;
mat(  13)=        -1.167196805898446E-04;
mat(  14)=         1.464350637941936E-05;
mat(  15)=         4.823572486886474E-01;
mat(  16)=        -1.962496892011057E-01;
mat(  17)=         3.372759684242763E-02;
mat(  18)=        -5.273415604612306E-03;
mat(  19)=         7.855030056368485E-04;
mat(  20)=        -1.155829396267582E-04;
mat(  21)=         1.407963397196675E-05;
mat(  22)=         4.781715559069770E-01;
mat(  23)=        -1.939159476429216E-01;
mat(  24)=         3.330776068325705E-02;
mat(  25)=        -5.203012092048716E-03;
mat(  26)=         7.714798338708925E-04;
mat(  27)=        -1.145493775427441E-04;
mat(  28)=         1.343082980503296E-05;
mat(  29)=         4.738212026438600E-01;
mat(  30)=        -1.914840438870751E-01;
mat(  31)=         3.287138313637496E-02;
mat(  32)=        -5.132169168340985E-03;
mat(  33)=         7.563814246140907E-04;
mat(  34)=        -1.134427945762110E-04;
mat(  35)=         1.286684094841541E-05;
mat(  36)=         4.693194345554194E-01;
mat(  37)=        -1.890804109904597E-01;
mat(  38)=         3.233710778968835E-02;
mat(  39)=        -5.137395155139327E-03;
mat(  40)=         6.808389075388514E-04;
mat(  41)=        -1.534446962278861E-04;
mat(  42)=        -8.646763967120820E-06;
mat(  43)=         4.647363669921845E-01;
mat(  44)=        -1.866835044294973E-01;
mat(  45)=         3.177956567402876E-02;
mat(  46)=        -5.125745559365931E-03;
mat(  47)=         6.492200622671823E-04;
mat(  48)=        -1.437757578101349E-04;
mat(  49)=         1.890297319083051E-06;
mat(  50)=         4.601125337089174E-01;
mat(  51)=        -1.843107154593746E-01;
mat(  52)=         3.120590305812100E-02;
mat(  53)=        -5.092155321533096E-03;
mat(  54)=         6.681302050036133E-04;
mat(  55)=        -7.902376293106935E-05;
mat(  56)=         4.749203364415213E-05;
mat(  57)=         4.555041748706127E-01;
mat(  58)=        -1.819347354090777E-01;
mat(  59)=         3.062920366027328E-02;
mat(  60)=        -5.061818800527430E-03;
mat(  61)=         6.870224321320034E-04;
mat(  62)=        -1.431711106038978E-05;
mat(  63)=         9.269501535019532E-05;
mat(  64)=         4.508976930530521E-01;
mat(  65)=        -1.795971188353958E-01;
mat(  66)=         3.009034310338064E-02;
mat(  67)=        -4.970283093296808E-03;
mat(  68)=         7.214434270573809E-04;
mat(  69)=        -1.123439207295524E-06;
mat(  70)=         7.780305199091083E-05;
mat(  71)=         4.463130137677166E-01;
mat(  72)=        -1.773016557000540E-01;
mat(  73)=         2.958027793539092E-02;
mat(  74)=        -4.830146798349974E-03;
mat(  75)=         7.692092452058694E-04;
mat(  76)=        -2.907093746540573E-05;
mat(  77)=         1.452964856998796E-05;
mat(  78)=         4.417860087365090E-01;
mat(  79)=        -1.750321597678366E-01;
mat(  80)=         2.906453756546473E-02;
mat(  81)=        -4.693346865237553E-03;
mat(  82)=         8.189491411794048E-04;
mat(  83)=        -5.620949077185648E-05;
mat(  84)=        -4.876961474962532E-05;
mat(  85)=         4.373221750925811E-01;
mat(  86)=        -1.727946144035679E-01;
mat(  87)=         2.854298454616274E-02;
mat(  88)=        -4.558222421959176E-03;
mat(  89)=         8.712377682934852E-04;
mat(  90)=        -8.349610895841006E-05;
mat(  91)=        -1.128349758424861E-04;
mat(  92)=         4.329041778676554E-01;
mat(  93)=        -1.705939298022786E-01;
mat(  94)=         2.805750837442577E-02;
mat(  95)=        -4.422988943558723E-03;
mat(  96)=         8.846645707040283E-04;
mat(  97)=        -1.118328288915311E-04;
mat(  98)=        -1.363067510047182E-04;
mat(  99)=         4.285059870923106E-01;
mat( 100)=        -1.684342519402816E-01;
mat( 101)=         2.766519865713640E-02;
mat( 102)=        -4.285857154318066E-03;
mat( 103)=         8.026554075820399E-04;
mat( 104)=        -1.418974186694672E-04;
mat( 105)=        -6.249993293552933E-05;
mat( 106)=         4.241789906481607E-01;
mat( 107)=        -1.663191409311136E-01;
mat( 108)=         2.726701942799978E-02;
mat( 109)=        -4.145136547919864E-03;
mat( 110)=         7.247752089690004E-04;
mat( 111)=        -1.740308495214657E-04;
mat( 112)=         9.197203401925137E-06;
mat( 113)=         4.199237200569670E-01;
mat( 114)=        -1.642516697340383E-01;
mat( 115)=         2.686487786638673E-02;
mat( 116)=        -3.999339664230678E-03;
mat( 117)=         6.496582027496543E-04;
mat( 118)=        -2.081940385124740E-04;
mat( 119)=         8.017935664060384E-05;
mat( 120)=         4.157402729317077E-01;
mat( 121)=        -1.622344818514806E-01;
mat( 122)=         2.646105604365064E-02;
mat( 123)=        -3.847305613950578E-03;
mat( 124)=         5.756298946293663E-04;
mat( 125)=        -2.439860651238743E-04;
mat( 126)=         1.517602756493424E-04;
mat( 127)=         4.116072590895009E-01;
mat( 128)=        -1.602514654934148E-01;
mat( 129)=         2.608451605617728E-02;
mat( 130)=        -3.729615309172985E-03;
mat( 131)=         5.103361003517998E-04;
mat( 132)=        -2.476151620014580E-04;
mat( 133)=         1.866711367427153E-04;
mat( 134)=         4.074825308339019E-01;
mat( 135)=        -1.582683625998203E-01;
mat( 136)=         2.578999938092779E-02;
mat( 137)=        -3.727441557005349E-03;
mat( 138)=         4.706928692958369E-04;
mat( 139)=        -1.530435208419980E-04;
mat( 140)=         1.100409911488757E-04;
mat( 141)=         4.034296494586447E-01;
mat( 142)=        -1.563425003186941E-01;
mat( 143)=         2.550030774525231E-02;
mat( 144)=        -3.716128696413919E-03;
mat( 145)=         4.268564391152173E-04;
mat( 146)=        -5.982203224137123E-05;
mat( 147)=         3.721726115609242E-05;
mat( 148)=         3.994476022918761E-01;
mat( 149)=        -1.544750005639060E-01;
mat( 150)=         2.521858340499492E-02;
mat( 151)=        -3.697256849495940E-03;
mat( 152)=         3.781966120578603E-04;
mat( 153)=         3.303862385052504E-05;
mat( 154)=        -3.289630748527019E-05;
mat( 155)=         3.955351522604786E-01;
mat( 156)=        -1.526665674367840E-01;
mat( 157)=         2.494793767666903E-02;
mat( 158)=        -3.673047737837505E-03;
mat( 159)=         3.247478085608857E-04;
mat( 160)=         1.262884131642401E-04;
mat( 161)=        -1.015571080385515E-04;
mat( 162)=         3.916431558816595E-01;
mat( 163)=        -1.508427902645204E-01;
mat( 164)=         2.466989787389926E-02;
mat( 165)=        -3.687388230641241E-03;
mat( 166)=         3.531953436103552E-04;
mat( 167)=         1.270675863497950E-04;
mat( 168)=        -1.101434208646790E-04;
mat( 169)=         3.877670211351011E-01;
mat( 170)=        -1.489988196852106E-01;
mat( 171)=         2.438580044430258E-02;
mat( 172)=        -3.745549975909094E-03;
mat( 173)=         4.697105658607575E-04;
mat( 174)=         3.016574653287340E-05;
mat( 175)=        -5.609114390923054E-05;
mat( 176)=         3.839568916296150E-01;
mat( 177)=        -1.472150541911298E-01;
mat( 178)=         2.412071979769517E-02;
mat( 179)=        -3.804748260105688E-03;
mat( 180)=         5.816397496557871E-04;
mat( 181)=        -6.282504215312941E-05;
mat( 182)=        -4.852704670190503E-06;
mat( 183)=         3.801579311003411E-01;
mat( 184)=        -1.453870881237607E-01;
mat( 185)=         2.378105591952236E-02;
mat( 186)=        -3.784985410843501E-03;
mat( 187)=         6.252637291026893E-04;
mat( 188)=        -1.072136339318622E-04;
mat( 189)=         2.058802210996979E-05;
mat( 190)=         3.763640351340823E-01;
