mat(   1)=         7.924819390229408E-01;
mat(   2)=        -1.272144331096408E-01;
mat(   3)=         1.183018054462806E-02;
mat(   4)=        -1.179475147771459E-03;
mat(   5)=         1.223958468930598E-04;
mat(   6)=        -1.305280080741638E-05;
mat(   7)=         1.303236569876916E-06;
mat(   8)=         7.921170220057233E-01;
mat(   9)=        -1.271053930861900E-01;
mat(  10)=         1.181414551426893E-02;
mat(  11)=        -1.177043310985567E-03;
mat(  12)=         1.219993703129212E-04;
mat(  13)=        -1.298909389522291E-05;
mat(  14)=         1.300167666324385E-06;
mat(  15)=         7.917175569869773E-01;
mat(  16)=        -1.269855442331883E-01;
mat(  17)=         1.179632589240511E-02;
mat(  18)=        -1.174297349087656E-03;
mat(  19)=         1.215433070043687E-04;
mat(  20)=        -1.291331782202387E-05;
mat(  21)=         1.296722874599466E-06;
mat(  22)=         7.912896100009118E-01;
mat(  23)=        -1.268564850791179E-01;
mat(  24)=         1.177687964733399E-02;
mat(  25)=        -1.171243374196839E-03;
mat(  26)=         1.210256331743247E-04;
mat(  27)=        -1.282400608390230E-05;
mat(  28)=         1.292897432161057E-06;
mat(  29)=         7.908390872830371E-01;
mat(  30)=        -1.267197351518664E-01;
mat(  31)=         1.175594418399647E-02;
mat(  32)=        -1.167881585804329E-03;
mat(  33)=         1.204432361291400E-04;
mat(  34)=        -1.271920320175933E-05;
mat(  35)=         1.288644337678231E-06;
mat(  36)=         7.903712075710591E-01;
mat(  37)=        -1.265765782429962E-01;
mat(  38)=         1.173361306912166E-02;
mat(  39)=        -1.164202109068124E-03;
mat(  40)=         1.197912505837407E-04;
mat(  41)=        -1.259610676241175E-05;
mat(  42)=         1.283852299643270E-06;
mat(  43)=         7.898902193954779E-01;
mat(  44)=        -1.264279767193482E-01;
mat(  45)=         1.170992194681709E-02;
mat(  46)=        -1.160181619893303E-03;
mat(  47)=         1.190623039235341E-04;
mat(  48)=        -1.245046136130967E-05;
mat(  49)=         1.278330815693919E-06;
mat(  50)=         7.893993357962588E-01;
mat(  51)=        -1.262745479600749E-01;
mat(  52)=         1.168484217575871E-02;
mat(  53)=        -1.155780433198790E-03;
mat(  54)=         1.182455526877438E-04;
mat(  55)=        -1.227565010194560E-05;
mat(  56)=         1.271837744876189E-06;
mat(  57)=         7.889008181754598E-01;
mat(  58)=        -1.261165822105213E-01;
mat(  59)=         1.165827916330042E-02;
mat(  60)=        -1.150939683892609E-03;
mat(  61)=         1.173254966255046E-04;
mat(  62)=        -1.206163416939848E-05;
mat(  63)=         1.264199501564723E-06;
mat(  64)=         7.883961336201092E-01;
mat(  65)=        -1.259540793770263E-01;
mat(  66)=         1.163007244717403E-02;
mat(  67)=        -1.145578646473640E-03;
mat(  68)=         1.162809322326709E-04;
mat(  69)=        -1.179432684246068E-05;
mat(  70)=         1.255530001738000E-06;
mat(  71)=         7.878861257315186E-01;
mat(  72)=        -1.257867875654066E-01;
mat(  73)=         1.159999584031519E-02;
mat(  74)=        -1.139593010442659E-03;
mat(  75)=         1.150849835619727E-04;
mat(  76)=        -1.145656331982957E-05;
mat(  77)=         1.246516389268119E-06;
mat(  78)=         7.873711636544924E-01;
mat(  79)=        -1.256142343053731E-01;
mat(  80)=         1.156775783541122E-02;
mat(  81)=        -1.132855883246570E-03;
mat(  82)=         1.137077309927019E-04;
mat(  83)=        -1.103239061985240E-05;
mat(  84)=         1.238566475002387E-06;
mat(  85)=         7.868512564070509E-01;
mat(  86)=        -1.254357490658095E-01;
mat(  87)=         1.153300427725004E-02;
mat(  88)=        -1.125223898526484E-03;
mat(  89)=         1.121230995578808E-04;
mat(  90)=        -1.051638868407326E-05;
mat(  91)=         1.233508006398926E-06;
mat(  92)=         7.863261346641522E-01;
mat(  93)=        -1.252504812845715E-01;
mat(  94)=         1.149532658255562E-02;
mat(  95)=        -1.116550764644230E-03;
mat(  96)=         1.103209694633525E-04;
mat(  97)=        -9.928605052566215E-06;
mat(  98)=         1.232501494783519E-06;
mat(  99)=         7.857953095092803E-01;
mat( 100)=        -1.250574214130453E-01;
mat( 101)=         1.145427929147527E-02;
mat( 102)=        -1.106709476309502E-03;
mat( 103)=         1.083236493478247E-04;
mat( 104)=        -9.333144393233163E-06;
mat( 105)=         1.234200392841482E-06;
mat( 106)=         7.852581195158023E-01;
mat( 107)=        -1.248554337811458E-01;
mat( 108)=         1.140941045749768E-02;
mat( 109)=        -1.095622604978520E-03;
mat( 110)=         1.062033197813927E-04;
mat( 111)=        -8.854778618783794E-06;
mat( 112)=         1.232925981144829E-06;
mat( 113)=         7.847137761395829E-01;
mat( 114)=        -1.246433095750319E-01;
mat( 115)=         1.136030741746115E-02;
mat( 116)=        -1.083298153031235E-03;
mat( 117)=         1.040949459837482E-04;
mat( 118)=        -8.684590308910040E-06;
mat( 119)=         1.218594297638488E-06;
mat( 120)=         7.841614142880926E-01;
mat( 121)=        -1.244198454295294E-01;
mat( 122)=         1.130665874335862E-02;
mat( 123)=        -1.069867212348701E-03;
mat( 124)=         1.021987414769890E-04;
mat( 125)=        -9.064640648152089E-06;
mat( 126)=         1.180583632479574E-06;
mat( 127)=         7.836001507001639E-01;
mat( 128)=        -1.241839476149040E-01;
mat( 129)=         1.124833022060736E-02;
mat( 130)=        -1.055619274003567E-03;
mat( 131)=         1.007686130448026E-04;
mat( 132)=        -1.024501787072836E-05;
mat( 133)=         1.116848187424002E-06;
mat( 134)=         7.830067019061625E-01;
mat( 135)=        -1.238909870812629E-01;
mat( 136)=         1.114500177088017E-02;
mat( 137)=        -1.005932860729534E-03;
mat( 138)=         7.209775607647730E-05;
mat( 139)=         7.062992330198167E-06;
mat( 140)=        -8.942518871624701E-06;
mat( 141)=         7.823367099915572E-01;
mat( 142)=        -1.234553834343362E-01;
mat( 143)=         1.091852094551887E-02;
mat( 144)=        -8.532667748145912E-04;
mat( 145)=        -3.793861501246671E-05;
mat( 146)=         8.067261748283730E-05;
mat( 147)=        -4.836162329017429E-05;
mat( 148)=         7.816565787069608E-01;
mat( 149)=        -1.230076618533650E-01;
mat( 150)=         1.069042322313950E-02;
mat( 151)=        -7.032218127594208E-04;
mat( 152)=        -1.455829732856391E-04;
mat( 153)=         1.526343190368955E-04;
mat( 154)=        -8.724748573851000E-05;
mat( 155)=         7.809066506298871E-01;
mat( 156)=        -1.224555104615076E-01;
mat( 157)=         1.043539941273927E-02;
mat( 158)=        -6.079552720450724E-04;
mat( 159)=        -1.442399246182459E-04;
mat( 160)=         1.081482254601771E-04;
mat( 161)=        -5.179839486609313E-05;
mat( 162)=         7.801218106634599E-01;
mat( 163)=        -1.218546159671044E-01;
mat( 164)=         1.017046470564167E-02;
mat( 165)=        -5.378202871544565E-04;
mat( 166)=        -9.741943692194232E-05;
mat( 167)=         1.660742681774922E-05;
mat( 168)=         1.411169463468880E-05;
mat( 169)=         7.793267949915718E-01;
mat( 170)=        -1.212449209691900E-01;
mat( 171)=         9.908299321634197E-03;
mat( 172)=        -4.721393283528104E-04;
mat( 173)=        -5.005596390586381E-05;
mat( 174)=        -7.267730193718678E-05;
mat( 175)=         7.945493339109810E-05;
mat( 176)=         7.785215664874778E-01;
mat( 177)=        -1.206276944898241E-01;
mat( 178)=         9.650620991534168E-03;
mat( 179)=        -4.117421541104566E-04;
mat( 180)=        -2.195367451071834E-06;
mat( 181)=        -1.591228916698518E-04;
mat( 182)=         1.442220324185603E-04;
mat( 183)=         7.776968548841484E-01;
mat( 184)=        -1.199962497666202E-01;
mat( 185)=         9.410720997399251E-03;
mat( 186)=        -3.753566042922979E-04;
mat( 187)=         5.023913243539791E-05;
mat( 188)=        -2.279086678382559E-04;
mat( 189)=         1.915505163833031E-04;
mat( 190)=         7.767955843124991E-01;
