mat(   1)=         6.834827067201575E-01;
mat(   2)=        -1.370820108399682E-01;
mat(   3)=         1.385809143488006E-02;
mat(   4)=        -1.424589326878098E-03;
mat(   5)=         1.483981356465318E-04;
mat(   6)=        -1.554077485698315E-05;
mat(   7)=         1.465973096436075E-06;
mat(   8)=         6.819761133186839E-01;
mat(   9)=        -1.366753165843941E-01;
mat(  10)=         1.380922926704264E-02;
mat(  11)=        -1.418889811102970E-03;
mat(  12)=         1.477468712881531E-04;
mat(  13)=        -1.547524374965817E-05;
mat(  14)=         1.460893380818338E-06;
mat(  15)=         6.803317713588162E-01;
mat(  16)=        -1.362325959582897E-01;
mat(  17)=         1.375614778594320E-02;
mat(  18)=        -1.412705367777489E-03;
mat(  19)=         1.470400557842319E-04;
mat(  20)=        -1.540508094901297E-05;
mat(  21)=         1.455848409779014E-06;
mat(  22)=         6.785762965730167E-01;
mat(  23)=        -1.357612589163321E-01;
mat(  24)=         1.369975768988720E-02;
mat(  25)=        -1.406143104530764E-03;
mat(  26)=         1.462895691976504E-04;
mat(  27)=        -1.533178039887563E-05;
mat(  28)=         1.451130007093738E-06;
mat(  29)=         6.767356572382477E-01;
mat(  30)=        -1.352684785427291E-01;
mat(  31)=         1.364093525691461E-02;
mat(  32)=        -1.399305546147080E-03;
mat(  33)=         1.455066014199790E-04;
mat(  34)=        -1.525675850254160E-05;
mat(  35)=         1.447062106747189E-06;
mat(  36)=         6.748329691238931E-01;
mat(  37)=        -1.347605944647075E-01;
mat(  38)=         1.358045073585541E-02;
mat(  39)=        -1.392282329501179E-03;
mat(  40)=         1.447006959692974E-04;
mat(  41)=        -1.518124183590151E-05;
mat(  42)=         1.444002119358790E-06;
mat(  43)=         6.728873308912948E-01;
mat(  44)=        -1.342428075461481E-01;
mat(  45)=         1.351893274534765E-02;
mat(  46)=        -1.385146178572849E-03;
mat(  47)=         1.438792972587789E-04;
mat(  48)=        -1.510620316735031E-05;
mat(  49)=         1.442351365486405E-06;
mat(  50)=         6.709135821331103E-01;
mat(  51)=        -1.337191300256308E-01;
mat(  52)=         1.345686397768293E-02;
mat(  53)=        -1.377952570141671E-03;
mat(  54)=         1.430477298272818E-04;
mat(  55)=        -1.503232686145632E-05;
mat(  56)=         1.442580512002183E-06;
mat(  57)=         6.689226952926085E-01;
mat(  58)=        -1.331925088170397E-01;
mat(  59)=         1.339459790713788E-02;
mat(  60)=        -1.370741849758431E-03;
mat(  61)=         1.422094704469202E-04;
mat(  62)=        -1.495998160644102E-05;
mat(  63)=         1.445273336407800E-06;
mat(  64)=         6.669224818952232E-01;
mat(  65)=        -1.326650323677694E-01;
mat(  66)=         1.333238544014602E-02;
mat(  67)=        -1.363542477281498E-03;
mat(  68)=         1.413665653541067E-04;
mat(  69)=        -1.488916739348486E-05;
mat(  70)=         1.451202558552265E-06;
mat(  71)=         6.649183593504825E-01;
mat(  72)=        -1.321381508066602E-01;
mat(  73)=         1.327040295441694E-02;
mat(  74)=        -1.356374388160422E-03;
mat(  75)=         1.405200736310482E-04;
mat(  76)=        -1.481941809779808E-05;
mat(  77)=         1.461441732869961E-06;
mat(  78)=         6.629140268174494E-01;
mat(  79)=        -1.316128681923785E-01;
mat(  80)=         1.320877680296784E-02;
mat(  81)=        -1.349251889195903E-03;
mat(  82)=         1.396704749026109E-04;
mat(  83)=        -1.474965248610324E-05;
mat(  84)=         1.477510202460913E-06;
mat(  85)=         6.609119905387655E-01;
mat(  86)=        -1.310898914649856E-01;
mat(  87)=         1.314760254896902E-02;
mat(  88)=        -1.342185883176088E-03;
mat(  89)=         1.388180115848248E-04;
mat(  90)=        -1.467800764908351E-05;
mat(  91)=         1.501510480543474E-06;
mat(  92)=         6.589139391779274E-01;
mat(  93)=        -1.305697372877452E-01;
mat(  94)=         1.308695913426676E-02;
mat(  95)=        -1.335185436263227E-03;
mat(  96)=         1.379629690306336E-04;
mat(  97)=        -1.460173697170589E-05;
mat(  98)=         1.536167899589687E-06;
mat(  99)=         6.569209975998090E-01;
mat( 100)=        -1.300528052781451E-01;
mat( 101)=         1.302691890485429E-02;
mat( 102)=        -1.328258792358202E-03;
mat( 103)=         1.371059075374129E-04;
mat( 104)=        -1.451729748313947E-05;
mat( 105)=         1.584631880470099E-06;
mat( 106)=         6.549338933633105E-01;
mat( 107)=        -1.295394269876641E-01;
mat( 108)=         1.296755425088995E-02;
mat( 109)=        -1.321413929710307E-03;
mat( 110)=         1.362478610315907E-04;
mat( 111)=        -1.442077708377372E-05;
mat( 112)=         1.649885609485032E-06;
mat( 113)=         6.529530652891994E-01;
mat( 114)=        -1.290298976788494E-01;
mat( 115)=         1.290894107896418E-02;
mat( 116)=        -1.314658737219013E-03;
mat( 117)=         1.353905192562563E-04;
mat( 118)=        -1.430874171585383E-05;
mat( 119)=         1.733693755694960E-06;
mat( 120)=         6.509787357880621E-01;
mat( 121)=        -1.285244948652606E-01;
mat( 122)=         1.285115885367286E-02;
mat( 123)=        -1.308000881108890E-03;
mat( 124)=         1.345363899222155E-04;
mat( 125)=        -1.417943164961410E-05;
mat( 126)=         1.835213874308659E-06;
mat( 127)=         6.490109619286877E-01;
mat( 128)=        -1.280234852009689E-01;
mat( 129)=         1.279428687130107E-02;
mat( 130)=        -1.301447473743215E-03;
mat( 131)=         1.336889248733283E-04;
mat( 132)=        -1.403400866314493E-05;
mat( 133)=         1.949664047315393E-06;
mat( 134)=         6.470496753178150E-01;
mat( 135)=        -1.275271202954615E-01;
mat( 136)=         1.273839693147172E-02;
mat( 137)=        -1.295004693393218E-03;
mat( 138)=         1.328525583381927E-04;
mat( 139)=        -1.387736597674934E-05;
mat( 140)=         2.067657705597428E-06;
mat( 141)=         6.450947172254565E-01;
mat( 142)=        -1.270356225688093E-01;
mat( 143)=         1.268354355022186E-02;
mat( 144)=        -1.288677522512377E-03;
mat( 145)=         1.320325985330797E-04;
mat( 146)=        -1.371799445317490E-05;
mat( 147)=         2.175803582876669E-06;
mat( 148)=         6.431458723212139E-01;
mat( 149)=        -1.265491639639102E-01;
mat( 150)=         1.262975394057577E-02;
mat( 151)=        -1.282469701422280E-03;
mat( 152)=         1.312349103567240E-04;
mat( 153)=        -1.356663540847788E-05;
mat( 154)=         2.258825950872935E-06;
mat( 155)=         6.412029016110320E-01;
mat( 156)=        -1.260678423912330E-01;
mat( 157)=         1.257702059169764E-02;
mat( 158)=        -1.276383878890839E-03;
mat( 159)=         1.304653778347583E-04;
mat( 160)=        -1.343392491658915E-05;
mat( 161)=         2.302858857562513E-06;
mat( 162)=         6.389701395283038E-01;
mat( 163)=        -1.252473284666862E-01;
mat( 164)=         1.254166037365917E-02;
mat( 165)=        -1.345227759799643E-03;
mat( 166)=         1.277886793649565E-04;
mat( 167)=        -7.056857834686739E-06;
mat( 168)=         1.113638483161545E-05;
mat( 169)=         6.366069338578482E-01;
mat( 170)=        -1.245309941363012E-01;
mat( 171)=         1.254670224410631E-02;
mat( 172)=        -1.297652376176102E-03;
mat( 173)=         1.360714702334607E-04;
mat( 174)=        -1.442488563921132E-05;
mat( 175)=         2.292881548839193E-06;
mat( 176)=         6.341949420197199E-01;
mat( 177)=        -1.239221646309898E-01;
mat( 178)=         1.247820355463185E-02;
mat( 179)=        -1.289693646540332E-03;
mat( 180)=         1.351221106298459E-04;
mat( 181)=        -1.434379197659836E-05;
mat( 182)=         2.192045507255581E-06;
mat( 183)=         6.317904183493447E-01;
mat( 184)=        -1.233183815271810E-01;
mat( 185)=         1.241048739962533E-02;
mat( 186)=        -1.281861923670293E-03;
mat( 187)=         1.342164568697527E-04;
mat( 188)=        -1.428053998840636E-05;
mat( 189)=         2.071041644106038E-06;
mat( 190)=         6.293932967035103E-01;
