mat(   1)=         8.421656336999237E-01;
mat(   2)=        -2.231808601628681E-01;
mat(   3)=         3.042623258309818E-02;
mat(   4)=        -4.246859568183779E-03;
mat(   5)=         6.043742457336106E-04;
mat(   6)=        -8.723275375435440E-05;
mat(   7)=         1.113433104690752E-05;
mat(   8)=         8.395262635253722E-01;
mat(   9)=        -2.222801423045959E-01;
mat(  10)=         3.028716631257216E-02;
mat(  11)=        -4.225780262474619E-03;
mat(  12)=         6.012231847412223E-04;
mat(  13)=        -8.685916561299317E-05;
mat(  14)=         1.112269362994050E-05;
mat(  15)=         8.367409617205359E-01;
mat(  16)=        -2.213381037604501E-01;
mat(  17)=         3.014259350924352E-02;
mat(  18)=        -4.203954858558072E-03;
mat(  19)=         5.979642237347855E-04;
mat(  20)=        -8.647030805517554E-05;
mat(  21)=         1.110958915175184E-05;
mat(  22)=         8.338380645831496E-01;
mat(  23)=        -2.203632964072179E-01;
mat(  24)=         2.999371072679078E-02;
mat(  25)=        -4.181551365510247E-03;
mat(  26)=         5.946202956351985E-04;
mat(  27)=        -8.606865966310359E-05;
mat(  28)=         1.109524659663130E-05;
mat(  29)=         8.308451521620888E-01;
mat(  30)=        -2.193639731277023E-01;
mat(  31)=         2.984166606149078E-02;
mat(  32)=        -4.158730474141331E-03;
mat(  33)=         5.912133910425651E-04;
mat(  34)=        -8.565663093717995E-05;
mat(  35)=         1.107990159984113E-05;
mat(  36)=         8.277867327221129E-01;
mat(  37)=        -2.183474081077762E-01;
mat(  38)=         2.968746588248804E-02;
mat(  39)=        -4.135632646289676E-03;
mat(  40)=         5.877627752528823E-04;
mat(  41)=        -8.523635596196991E-05;
mat(  42)=         1.106377446106415E-05;
mat(  43)=         8.246830323095138E-01;
mat(  44)=        -2.173195523142329E-01;
mat(  45)=         2.953192860570846E-02;
mat(  46)=        -4.112371810058670E-03;
mat(  47)=         5.842841152292292E-04;
mat(  48)=        -8.480958458584831E-05;
mat(  49)=         1.104705657735364E-05;
mat(  50)=         8.215497590832956E-01;
mat(  51)=        -2.162849811152809E-01;
mat(  52)=         2.937567913308843E-02;
mat(  53)=        -4.089034734180492E-03;
mat(  54)=         5.807893894172727E-04;
mat(  55)=        -8.437766273536494E-05;
mat(  56)=         1.102990498616490E-05;
mat(  57)=         8.183985337012856E-01;
mat(  58)=        -2.152470386699160E-01;
mat(  59)=         2.921917040398073E-02;
mat(  60)=        -4.065684162757871E-03;
mat(  61)=         5.772873159349245E-04;
mat(  62)=        -8.394157248266924E-05;
mat(  63)=         1.101244300117891E-05;
mat(  64)=         8.152376469166450E-01;
mat(  65)=        -2.142080761495220E-01;
mat(  66)=         2.906271759719878E-02;
mat(  67)=        -4.042363678410744E-03;
mat(  68)=         5.737840189174824E-04;
mat(  69)=        -8.350200105247080E-05;
mat(  70)=         1.099476442561985E-05;
mat(  71)=         8.120728768505343E-01;
mat(  72)=        -2.131697035090231E-01;
mat(  73)=         2.890653380126389E-02;
mat(  74)=        -4.019102731674900E-03;
mat(  75)=         5.702837176552601E-04;
mat(  76)=        -8.305941463448472E-05;
mat(  77)=         1.097693913372621E-05;
mat(  78)=         8.089082072638950E-01;
mat(  79)=        -2.121330079656296E-01;
mat(  80)=         2.875076070462254E-02;
mat(  81)=        -3.995920943152614E-03;
mat(  82)=         5.667893154516525E-04;
mat(  83)=        -8.261412284175676E-05;
mat(  84)=         1.095901856437672E-05;
mat(  85)=         8.057463853865905E-01;
mat(  86)=        -2.110987218099694E-01;
mat(  87)=         2.859549199003225E-02;
mat(  88)=        -3.972831364847254E-03;
mat(  89)=         5.633028451429607E-04;
mat(  90)=        -8.216632844933648E-05;
mat(  91)=         1.094104039882373E-05;
mat(  92)=         8.025893210733430E-01;
mat(  93)=        -2.100673410860396E-01;
mat(  94)=         2.844078974537159E-02;
mat(  95)=        -3.949842753634139E-03;
mat(  96)=         5.598257787634083E-04;
mat(  97)=        -8.171616272023433E-05;
mat(  98)=         1.092303221921842E-05;
mat(  99)=         7.994383580630209E-01;
mat( 100)=        -2.090392051539973E-01;
mat( 101)=         2.828669536110414E-02;
mat( 102)=        -3.926961069361646E-03;
mat( 103)=         5.563592307773732E-04;
mat( 104)=        -8.126370919714757E-05;
mat( 105)=         1.090501423997981E-05;
mat( 106)=         7.962944536962816E-01;
mat( 107)=        -2.080145485629293E-01;
mat( 108)=         2.813323655545941E-02;
mat( 109)=        -3.904190431417949E-03;
mat( 110)=         5.529040872109262E-04;
mat( 111)=        -8.080901928829022E-05;
mat( 112)=         1.088700130047265E-05;
mat( 113)=         7.931582976227298E-01;
mat( 114)=        -2.069935346929057E-01;
mat( 115)=         2.798043187258702E-02;
mat( 116)=        -3.881533724183868E-03;
mat( 117)=         5.494610869240399E-04;
mat( 118)=        -8.035212242643723E-05;
mat( 119)=         1.086900430447217E-05;
mat( 120)=         7.900303912303052E-01;
mat( 121)=        -2.059762778298893E-01;
mat( 122)=         2.782829359434545E-02;
mat( 123)=        -3.858992983812040E-03;
mat( 124)=         5.460308732741694E-04;
mat( 125)=        -7.989303276893489E-05;
mat( 126)=         1.085103127127342E-05;
mat( 127)=         7.869111018885486E-01;
mat( 128)=        -2.049628579482537E-01;
mat( 129)=         2.767682966450232E-02;
mat( 130)=        -3.836569650144210E-03;
mat( 131)=         5.426140276371393E-04;
mat( 132)=        -7.943175369915877E-05;
mat( 133)=         1.083308809780330E-05;
mat( 134)=         7.838007007558299E-01;
mat( 135)=        -2.039533308208000E-01;
mat( 136)=         2.752604498879942E-02;
mat( 137)=        -3.814264734257615E-03;
mat( 138)=         5.392110916875718E-04;
mat( 139)=        -7.896828091815142E-05;
mat( 140)=         1.081517912342675E-05;
mat( 141)=         7.806993895769173E-01;
mat( 142)=        -2.029477350547885E-01;
mat( 143)=         2.737594233000318E-02;
mat( 144)=        -3.792078931803169E-03;
mat( 145)=         5.358225825100407E-04;
mat( 146)=        -7.850260459360737E-05;
mat( 147)=         1.079730754162684E-05;
mat( 148)=         7.776073199357532E-01;
mat( 149)=        -2.019460970557955E-01;
mat( 150)=         2.722652293339036E-02;
mat( 151)=        -3.770012700572653E-03;
mat( 152)=         5.324490030155156E-04;
mat( 153)=        -7.803471087932526E-05;
mat( 154)=         1.077947570818320E-05;
mat( 155)=         7.745246072691855E-01;
mat( 156)=        -2.009484345733646E-01;
mat( 157)=         2.707778696986498E-02;
mat( 158)=        -3.748066314036114E-03;
mat( 159)=         5.290908492251485E-04;
mat( 160)=        -7.756458298962484E-05;
mat( 161)=         1.076168537068550E-05;
mat( 162)=         7.714513412342349E-01;
mat( 163)=        -1.999547592718308E-01;
mat( 164)=         2.692973385504275E-02;
mat( 165)=        -3.726239898621605E-03;
mat( 166)=         5.257486154479364E-04;
mat( 167)=        -7.709220197415574E-05;
mat( 168)=         1.074393784143294E-05;
mat( 169)=         7.683875935600323E-01;
mat( 170)=        -1.989650786355999E-01;
mat( 171)=         2.678236248449834E-02;
mat( 172)=        -3.704533460042845E-03;
mat( 173)=         5.224227980397371E-04;
mat( 174)=        -7.661754727789979E-05;
mat( 175)=         1.072623413111339E-05;
mat( 176)=         7.653334242076496E-01;
mat( 177)=        -1.979793974298335E-01;
mat( 178)=         2.663567141354524E-02;
mat( 179)=        -3.682946902375964E-03;
mat( 180)=         5.191138982394532E-04;
mat( 181)=        -7.614059715179881E-05;
mat( 182)=         1.070857505893394E-05;
mat( 183)=         7.622888864566104E-01;
mat( 184)=        -1.969977188793085E-01;
mat( 185)=         2.648965900217161E-02;
mat( 186)=        -3.661480042561117E-03;
mat( 187)=         5.158224244111465E-04;
mat( 188)=        -7.566132896907666E-05;
mat( 189)=         1.069096134224780E-05;
mat( 190)=         7.592540314084462E-01;
