mat(   1)=         6.188654214373159E-01;
mat(   2)=        -1.772402741088946E-01;
mat(   3)=         2.342206991497969E-02;
mat(   4)=        -3.025107850852238E-03;
mat(   5)=         3.874152813299053E-04;
mat(   6)=        -4.928693532691498E-05;
mat(   7)=         5.548600171146620E-06;
mat(   8)=         6.163955289012587E-01;
mat(   9)=        -1.763050420678501E-01;
mat(  10)=         2.327816166003800E-02;
mat(  11)=        -3.004591587927543E-03;
mat(  12)=         3.846192287769894E-04;
mat(  13)=        -4.893358074375385E-05;
mat(  14)=         5.511740092951391E-06;
mat(  15)=         6.137059777741476E-01;
mat(  16)=        -1.752883040786252E-01;
mat(  17)=         2.312198297615315E-02;
mat(  18)=        -2.982369505881977E-03;
mat(  19)=         3.815990312486488E-04;
mat(  20)=        -4.855529511572660E-05;
mat(  21)=         5.473606636688641E-06;
mat(  22)=         6.108421052518261E-01;
mat(  23)=        -1.742073852418826E-01;
mat(  24)=         2.295623743765232E-02;
mat(  25)=        -2.958833971580958E-03;
mat(  26)=         3.784109865762608E-04;
mat(  27)=        -4.816016018401896E-05;
mat(  28)=         5.435491039511179E-06;
mat(  29)=         6.078480514093277E-01;
mat(  30)=        -1.730789878881329E-01;
mat(  31)=         2.278351254711911E-02;
mat(  32)=        -2.934357371124548E-03;
mat(  33)=         3.751088133716026E-04;
mat(  34)=        -4.775590403323394E-05;
mat(  35)=         5.398768743916790E-06;
mat(  36)=         6.047631005035387E-01;
mat(  37)=        -1.719178044360459E-01;
mat(  38)=         2.260606676835535E-02;
mat(  39)=        -2.909262252972940E-03;
mat(  40)=         3.717390420106286E-04;
mat(  41)=        -4.734933396284231E-05;
mat(  42)=         5.365101432544689E-06;
mat(  43)=         6.016197697131256E-01;
mat(  44)=        -1.707358112476599E-01;
mat(  45)=         2.242572254164085E-02;
mat(  46)=        -2.883808413661018E-03;
mat(  47)=         3.683381570685136E-04;
mat(  48)=        -4.694596850804787E-05;
mat(  49)=         5.336891489604658E-06;
mat(  50)=         5.984434418199559E-01;
mat(  51)=        -1.695421601190142E-01;
mat(  52)=         2.224384912295763E-02;
mat(  53)=        -2.858195065551494E-03;
mat(  54)=         3.649313781964975E-04;
mat(  55)=        -4.654977512510960E-05;
mat(  56)=         5.317887493873851E-06;
mat(  57)=         5.952530534784251E-01;
mat(  58)=        -1.683434779023035E-01;
mat(  59)=         2.206140237644960E-02;
mat(  60)=        -2.832573088809449E-03;
mat(  61)=         3.615331379949280E-04;
mat(  62)=        -4.616299445858581E-05;
mat(  63)=         5.313558203924042E-06;
mat(  64)=         5.920623003138699E-01;
mat(  65)=        -1.671443694588711E-01;
mat(  66)=         2.187898743005957E-02;
mat(  67)=        -2.807060776846453E-03;
mat(  68)=         3.581497432357521E-04;
mat(  69)=        -4.578626588572386E-05;
mat(  70)=         5.330553243130851E-06;
mat(  71)=         5.888809312832617E-01;
mat(  72)=        -1.659479645155308E-01;
mat(  73)=         2.169692010860215E-02;
mat(  74)=        -2.781756178021697E-03;
mat(  75)=         3.547848361261472E-04;
mat(  76)=        -4.541952677072148E-05;
mat(  77)=         5.374534315210419E-06;
mat(  78)=         5.857158771085471E-01;
mat(  79)=        -1.647564146778980E-01;
mat(  80)=         2.151527774973013E-02;
mat(  81)=        -2.756740123227648E-03;
mat(  82)=         3.514474882835727E-04;
mat(  83)=        -4.506414807434355E-05;
mat(  84)=         5.446247215861362E-06;
mat(  85)=         5.825721133694830E-01;
mat(  86)=        -1.635713023970599E-01;
mat(  87)=         2.133394336242927E-02;
mat(  88)=        -2.732066647127473E-03;
mat(  89)=         3.481608910313099E-04;
mat(  90)=        -4.472619813125345E-05;
mat(  91)=         5.536984530168592E-06;
mat(  92)=         5.794532619427932E-01;
mat(  93)=        -1.623939563530043E-01;
mat(  94)=         2.115265490310237E-02;
mat(  95)=        -2.707741963994729E-03;
mat(  96)=         3.449673556221940E-04;
mat(  97)=        -4.441957950736700E-05;
mat(  98)=         5.626041292417042E-06;
mat(  99)=         5.763483923761024E-01;
mat( 100)=        -1.612521802388156E-01;
mat( 101)=         2.094658139727681E-02;
mat( 102)=        -2.704950624990381E-03;
mat( 103)=         3.249764542145095E-04;
mat( 104)=        -5.596056865793428E-05;
mat( 105)=        -3.653725981691747E-07;
mat( 106)=         5.732001569699813E-01;
mat( 107)=        -1.602492809677575E-01;
mat( 108)=         2.065679751861961E-02;
mat( 109)=        -2.729790344007647E-03;
mat( 110)=         3.227209082118421E-04;
mat( 111)=        -3.063826788181173E-05;
mat( 112)=         2.130973685575348E-05;
mat( 113)=         5.700406527463630E-01;
mat( 114)=        -1.593074500598005E-01;
mat( 115)=         2.038886263563922E-02;
mat( 116)=        -2.690830756479700E-03;
mat( 117)=         3.649203193034367E-04;
mat( 118)=        -7.266921821157214E-06;
mat( 119)=         2.226116310575268E-05;
mat( 120)=         5.668774344810955E-01;
mat( 121)=        -1.584097575457440E-01;
mat( 122)=         2.016609639901461E-02;
mat( 123)=        -2.580490195617101E-03;
mat( 124)=         4.232473279988194E-04;
mat( 125)=        -4.109282176515524E-05;
mat( 126)=        -4.249157596009296E-05;
mat( 127)=         5.637140311288211E-01;
mat( 128)=        -1.575263156086812E-01;
mat( 129)=         2.001043322786600E-02;
mat( 130)=        -2.469964072254916E-03;
mat( 131)=         4.139050099465848E-04;
mat( 132)=        -7.472736947959520E-05;
mat( 133)=        -3.944602730556453E-05;
mat( 134)=         5.605476967789379E-01;
mat( 135)=        -1.566590560450807E-01;
mat( 136)=         1.992842564542683E-02;
mat( 137)=        -2.358996000691959E-03;
mat( 138)=         3.308077917053154E-04;
mat( 139)=        -1.081134726015895E-04;
mat( 140)=         3.735270187633532E-05;
mat( 141)=         5.574124411609409E-01;
mat( 142)=        -1.558071489268729E-01;
mat( 143)=         1.985057326148584E-02;
mat( 144)=        -2.253337842170440E-03;
mat( 145)=         2.492777356742633E-04;
mat( 146)=        -1.364738690733511E-04;
mat( 147)=         1.083284792362402E-04;
mat( 148)=         5.542305159641912E-01;
mat( 149)=        -1.549049187972920E-01;
mat( 150)=         1.987454564534728E-02;
mat( 151)=        -2.303970502094653E-03;
mat( 152)=         2.035523673767485E-04;
mat( 153)=        -3.872278566787424E-05;
mat( 154)=         3.405544718416373E-05;
mat( 155)=         5.510822712927309E-01;
mat( 156)=        -1.540236743738055E-01;
mat( 157)=         1.990060493538230E-02;
mat( 158)=        -2.353311233798434E-03;
mat( 159)=         1.574843858839642E-04;
mat( 160)=         5.859160169403698E-05;
mat( 161)=        -3.959471769100222E-05;
mat( 162)=         5.479113148362761E-01;
mat( 163)=        -1.530771174135424E-01;
mat( 164)=         1.990518123659050E-02;
mat( 165)=        -2.450006236670018E-03;
mat( 166)=         2.111276471969672E-04;
mat( 167)=         4.723795442508083E-05;
mat( 168)=        -4.345769608143896E-05;
mat( 169)=         5.447313850084002E-01;
mat( 170)=        -1.520883953637201E-01;
mat( 171)=         1.989578091221313E-02;
mat( 172)=        -2.581737409378321E-03;
mat( 173)=         3.378688677621122E-04;
mat( 174)=        -4.386835355484681E-05;
mat( 175)=         3.897552634373141E-06;
mat( 176)=         5.414813392640762E-01;
mat( 177)=        -1.509242794636229E-01;
mat( 178)=         1.970908783565563E-02;
mat( 179)=        -2.554961049957324E-03;
mat( 180)=         3.372724977275843E-04;
mat( 181)=        -4.640420651536571E-05;
mat( 182)=         5.834032956320162E-06;
mat( 183)=         5.382574174798280E-01;
mat( 184)=        -1.497741779686771E-01;
mat( 185)=         1.952136819789143E-02;
mat( 186)=        -2.522875802749646E-03;
mat( 187)=         3.314096904377305E-04;
mat( 188)=        -4.524312596442062E-05;
mat( 189)=         5.811552540035257E-06;
mat( 190)=         5.350622573670475E-01;
