mat(   1)=         6.994677439343512E-01;
mat(   2)=        -1.563120327746828E-01;
mat(   3)=         1.762401629739502E-02;
mat(   4)=        -2.021521114980266E-03;
mat(   5)=         2.351605959894228E-04;
mat(   6)=        -2.759599111458865E-05;
mat(   7)=         2.915534680768601E-06;
mat(   8)=         6.979113960895059E-01;
mat(   9)=        -1.558438019817265E-01;
mat(  10)=         1.756124875887077E-02;
mat(  11)=        -2.013353765199734E-03;
mat(  12)=         2.341099756335830E-04;
mat(  13)=        -2.747044333186429E-05;
mat(  14)=         2.903316544194902E-06;
mat(  15)=         6.962129248528713E-01;
mat(  16)=        -1.553341570299561E-01;
mat(  17)=         1.749306764566030E-02;
mat(  18)=        -2.004492944019322E-03;
mat(  19)=         2.329697997156208E-04;
mat(  20)=        -2.733504669383497E-05;
mat(  21)=         2.890631969445731E-06;
mat(  22)=         6.943998581488673E-01;
mat(  23)=        -1.547916404111860E-01;
mat(  24)=         1.742064324211664E-02;
mat(  25)=        -1.995092315919827E-03;
mat(  26)=         2.317593229776527E-04;
mat(  27)=        -2.719232957463958E-05;
mat(  28)=         2.877942647545506E-06;
mat(  29)=         6.924990454806499E-01;
mat(  30)=        -1.542245182363674E-01;
mat(  31)=         1.734510089582887E-02;
mat(  32)=        -1.985298838090101E-03;
mat(  33)=         2.304967399597834E-04;
mat(  34)=        -2.704466157392191E-05;
mat(  35)=         2.865740011876630E-06;
mat(  36)=         6.905343799165033E-01;
mat(  37)=        -1.536400934484214E-01;
mat(  38)=         1.726742905054444E-02;
mat(  39)=        -1.975240840570416E-03;
mat(  40)=         2.291976584787454E-04;
mat(  41)=        -2.689405138964506E-05;
mat(  42)=         2.854537329471370E-06;
mat(  43)=         6.885255964766673E-01;
mat(  44)=        -1.530443549868997E-01;
mat(  45)=         1.718843362053553E-02;
mat(  46)=        -1.965022247875132E-03;
mat(  47)=         2.278743805882525E-04;
mat(  48)=        -2.674203551235824E-05;
mat(  49)=         2.844878695338447E-06;
mat(  50)=         6.864880245968323E-01;
mat(  51)=        -1.524419213995287E-01;
mat(  52)=         1.710873262165341E-02;
mat(  53)=        -1.954722087978691E-03;
mat(  54)=         2.265358825462320E-04;
mat(  55)=        -2.658963465568672E-05;
mat(  56)=         2.837368685630588E-06;
mat(  57)=         6.844329957096489E-01;
mat(  58)=        -1.518361839138059E-01;
mat(  59)=         1.702877779154929E-02;
mat(  60)=        -1.944397497323376E-03;
mat(  61)=         2.251882672367804E-04;
mat(  62)=        -2.643733535826565E-05;
mat(  63)=         2.832728776568162E-06;
mat(  64)=         6.823685753176456E-01;
mat(  65)=        -1.512295456221258E-01;
mat(  66)=         1.694888896324380E-02;
mat(  67)=        -1.934088318006132E-03;
mat(  68)=         2.238354498095604E-04;
mat(  69)=        -2.628504934892012E-05;
mat(  70)=         2.831890134737534E-06;
mat(  71)=         6.803003571793272E-01;
mat(  72)=        -1.506236758022597E-01;
mat(  73)=         1.686929017775778E-02;
mat(  74)=        -1.923821823760369E-03;
mat(  75)=         2.224798924561459E-04;
mat(  76)=        -2.613201312830369E-05;
mat(  77)=         2.836128410500068E-06;
mat(  78)=         6.782321630620093E-01;
mat(  79)=        -1.500197319540530E-01;
mat(  80)=         1.679014121675800E-02;
mat(  81)=        -1.913616745862398E-03;
mat(  82)=         2.211232774921326E-04;
mat(  83)=        -2.597661894163236E-05;
mat(  84)=         2.847230465866917E-06;
mat(  85)=         6.761665866253913E-01;
mat(  86)=        -1.494185318750554E-01;
mat(  87)=         1.671156232552431E-02;
mat(  88)=        -1.903486328752136E-03;
mat(  89)=         2.197670645951434E-04;
mat(  90)=        -2.581621920206627E-05;
mat(  91)=         2.867642588158649E-06;
mat(  92)=         6.741053821542496E-01;
mat(  93)=        -1.488206771756848E-01;
mat(  94)=         1.663365241974243E-02;
mat(  95)=        -1.893440506661355E-03;
mat(  96)=         2.184129039139511E-04;
mat(  97)=        -2.564701768791192E-05;
mat(  98)=         2.900492576483048E-06;
mat(  99)=         6.720497276470074E-01;
mat( 100)=        -1.482266379777281E-01;
mat( 101)=         1.655650200603331E-02;
mat( 102)=        -1.883487452019293E-03;
mat( 103)=         2.170628819207132E-04;
mat( 104)=        -2.546423267356846E-05;
mat( 105)=         2.949323387077244E-06;
mat( 106)=         6.700003976464594E-01;
mat( 107)=        -1.476368094435450E-01;
mat( 108)=         1.648020186780187E-02;
mat( 109)=        -1.873634759268309E-03;
mat( 110)=         2.157195803257107E-04;
mat( 111)=        -2.526274042206726E-05;
mat( 112)=         3.017374041843818E-06;
mat( 113)=         6.679578759458548E-01;
mat( 114)=        -1.470515480374386E-01;
mat( 115)=         1.640484787842841E-02;
mat( 116)=        -1.863890447306579E-03;
mat( 117)=         2.143859546801894E-04;
mat( 118)=        -2.503832382013163E-05;
mat( 119)=         3.106347151637667E-06;
mat( 120)=         6.659224301744183E-01;
mat( 121)=        -1.464711918793662E-01;
mat( 122)=         1.633054165526161E-02;
mat( 123)=        -1.854263835700067E-03;
mat( 124)=         2.130650902367934E-04;
mat( 125)=        -2.478942198159844E-05;
mat( 126)=         3.214833565422076E-06;
mat( 127)=         6.638941632355768E-01;
mat( 128)=        -1.458960669227457E-01;
mat( 129)=         1.625738658868620E-02;
mat( 130)=        -1.844766211038582E-03;
mat( 131)=         2.117599548935909E-04;
mat( 132)=        -2.451894554335618E-05;
mat( 133)=         3.336866518202740E-06;
mat( 134)=         6.618730515864406E-01;
mat( 135)=        -1.453264797673255E-01;
mat( 136)=         1.618547929704563E-02;
mat( 137)=        -1.835411093924558E-03;
mat( 138)=         2.104732996829507E-04;
mat( 139)=        -2.423543605423522E-05;
mat( 140)=         3.461299569397877E-06;
mat( 141)=         6.598589769244052E-01;
mat( 142)=        -1.447626988015507E-01;
mat( 143)=         1.611489769405086E-02;
mat( 144)=        -1.826213891745612E-03;
mat( 145)=         2.092078158469816E-04;
mat( 146)=        -2.395280933129589E-05;
mat( 147)=         3.572656635309684E-06;
mat( 148)=         6.578517552196415E-01;
mat( 149)=        -1.442049275214456E-01;
mat( 150)=         1.604568818958000E-02;
mat( 151)=        -1.817190812103866E-03;
mat( 152)=         2.079665328235941E-04;
mat( 153)=        -2.368827802629283E-05;
mat( 154)=         3.653684557388331E-06;
mat( 155)=         6.558509187302355E-01;
mat( 156)=        -1.436530627495701E-01;
mat( 157)=         1.597816217824573E-02;
mat( 158)=        -1.808836779252359E-03;
mat( 159)=         2.068627626288262E-04;
mat( 160)=        -2.307407400653539E-05;
mat( 161)=         3.245861873149149E-06;
mat( 162)=         6.535615914666051E-01;
mat( 163)=        -1.427943666182651E-01;
mat( 164)=         1.598052404205531E-02;
mat( 165)=        -1.895827874886133E-03;
mat( 166)=         2.059476299502253E-04;
mat( 167)=        -2.122714642617972E-05;
mat( 168)=         1.068879778604188E-05;
mat( 169)=         6.511224974716082E-01;
mat( 170)=        -1.419901318709623E-01;
mat( 171)=         1.596467387104522E-02;
mat( 172)=        -1.843500257123445E-03;
mat( 173)=         2.164319523787424E-04;
mat( 174)=        -2.541332828276156E-05;
mat( 175)=         3.831636362084992E-06;
mat( 176)=         6.486372150186698E-01;
mat( 177)=        -1.412914037196575E-01;
mat( 178)=         1.587664904282386E-02;
mat( 179)=        -1.832050938325413E-03;
mat( 180)=         2.148922362195017E-04;
mat( 181)=        -2.527862689549869E-05;
mat( 182)=         3.705597411548038E-06;
mat( 183)=         6.461601015229834E-01;
mat( 184)=        -1.405986184637991E-01;
mat( 185)=         1.578968851660465E-02;
mat( 186)=        -1.820807094159699E-03;
mat( 187)=         2.134045666969738E-04;
mat( 188)=        -2.517571492350026E-05;
mat( 189)=         3.558229613978001E-06;
mat( 190)=         6.436910352258379E-01;
