mat(   1)=         2.923290465844927E-01;
mat(   2)=        -1.883344491408248E-01;
mat(   3)=         4.864005249312926E-02;
mat(   4)=        -1.127729168195000E-02;
mat(   5)=         2.091688852547151E-03;
mat(   6)=        -2.086297421321193E-04;
mat(   7)=        -9.203350228198119E-06;
mat(   8)=         1.713366594871414E-01;
mat(   9)=        -1.003851493618336E-01;
mat(  10)=         2.268831757563583E-02;
mat(  11)=        -4.708872598022149E-03;
mat(  12)=         9.904484331834751E-04;
mat(  13)=        -2.266051113080484E-04;
mat(  14)=         4.365114164042545E-05;
mat(  15)=         1.064826452399723E-01;
mat(  16)=        -5.968435286753302E-02;
mat(  17)=         1.284887165762400E-02;
mat(  18)=        -2.469231458147041E-03;
mat(  19)=         4.507805479784132E-04;
mat(  20)=        -9.335596069514040E-05;
mat(  21)=         2.278225544686885E-05;
